MAN
80,81,84,85,88,90,92,93
AUTO
82,83,86,87
89,91,94,95
MAN
20,27,33
AUTO
21,22,23,24,25,26,28,29
31,32,34,35,36,37,38,39
MAN
3,10,17
AUTO
0,1,2,4,5,6,7,8,9
11,12,13,14,15,16,18,19
MAN
40,41,42,47,53,59,63,69,70,71,77
AUTO
64,65,66,67,68,43,44,45,46
48,49,50,51,52,54,55,56,57,58,60,61,62,72,73,74,75,76,78,79
MAN
103,112
AUTO
113,96,97,98,99,100,101,102
104,105,106,107,108,109,110,111
MAN
121,130
AUTO
131,114,115,116,117,118,119,120
122,123,124,125,126,127,128,129
MAN
135,139
AUTO
132,133,134
136,137,138