CMG1
-0.785,0,3.14,-269.763,-18.65,185.2
-0.785,0,3.14,-269.763,-13.6525,208.175
-0.785,0,3.14,-269.763,-12.6568,227.225
0,0,3.14,-269.763,-0.8918,270.221
0,0,3.14,-269.763,54.3277,270.185
0,0,3.14,-269.763,98.3528,270.212
0,0,3.14,-269.763,142.323,270.18
0,0,3.14,-269.763,197.594,270.199
0,0,3.14,-269.763,203.461,228.219
0,0,3.14,-269.763,204.235,208.225
3.14,0,3.14,-269.763,204.734,185.212
3.14,0,3.14,-269.763,205.564,165.204
3.14,0,3.14,-269.763,206.055,142.205
3.14,0,3.14,-269.763,197.686,100.086
3.14,0,3.14,-269.763,142.393,100.098
3.14,0,3.14,-269.763,98.4049,100.104
3.14,0,3.14,-269.763,54.9308,100.095
3.14,0,3.14,-269.763,-0.356455,100.09
3.14,0,3.14,-269.763,-12.6714,143.196
3.925,0,3.14,-269.763,-13.6725,162.193
CMG2
3.14,0,0,270.013,194.25,206.25
0,0,0,270.013,189.253,229.225
0,0,0,270.013,188.257,248.275
0,0,0,270.013,176.492,291.272
0,0,0,270.013,121.272,291.235
0,0,0,270.013,77.2472,291.262
0,0,0,270.013,33.2773,291.23
0,0,0,270.013,-21.9943,291.249
0,0,0,270.013,-27.8608,249.269
0,0,0,270.013,-28.6346,229.275
0,0,0,270.013,-29.1341,206.262
3.14,0,0,270.013,-29.9639,186.254
3.14,0,0,270.013,-30.4548,163.255
3.14,0,0,270.013,-22.0858,121.136
3.14,0,0,270.013,33.2069,121.148
3.14,0,0,270.013,77.1951,121.154
3.14,0,0,270.013,120.669,121.145
3.14,0,0,270.013,175.956,121.148
3.14,0,0,270.013,188.271,164.246
3.14,0,0,270.013,189.272,183.243
CMG3
0,0,-1.5708,249.85,-270.013,180.2
0.785,0,-1.5708,244.853,-270.013,203.175
0.2618,0,-1.5708,243.857,-270.013,222.225
0,0,-1.5708,232.092,-270.013,265.221
0,0,-1.5708,176.872,-270.013,265.185
0,0,-1.5708,132.847,-270.013,265.212
0,0,-1.5708,88.8773,-270.013,265.18
0,0,-1.5708,33.6058,-270.013,265.199
2.967,0,-1.5708,27.7392,-270.013,223.219
2.967,0,-1.5708,26.9655,-270.013,203.225
2.967,0,-1.5708,26.466,-270.013,180.212
3.14,0,-1.5708,25.6361,-270.013,160.204
3.14,0,-1.5708,25.1452,-270.013,137.205
3.14,0,-1.5708,33.5142,-270.013,95.0862
3.14,0,-1.5708,88.807,-270.013,95.0978
3.14,0,-1.5708,132.795,-270.013,95.1037
3.14,0,-1.5708,176.269,-270.013,95.0946
3.14,0,-1.5708,231.556,-270.013,95.0978
2.705,0,-1.5708,243.871,-270.013,138.196
3.14,0,-1.5708,244.872,-270.013,157.193
CMG4
-2.88,0,-1.5708,-21.6129,-269.337,180.192
-2.88,0,-1.5708,-26.6095,-269.337,203.193
-2.88,0,-1.5708,-27.5976,-269.337,222.188
0,0,-1.5708,-39.406,-269.337,265.243
0,0,-1.5708,-94.6568,-269.337,265.202
0,0,-1.5708,-138.666,-269.337,265.245
0,0,-1.5708,-182.644,-269.337,265.252
0,0,-1.5708,-237.9,-269.337,265.241
-0.1745,0,-1.5708,-244.179,-269.337,223.198
0,0,-1.5708,-245.003,-269.337,203.183
3.14,0,-1.5708,-245.501,-269.337,180.189
3.14,0,-1.5708,-246.266,-269.337,160.184
3.925,0,-1.5708,-245.799,-269.337,137.187
3.14,0,-1.5708,-238.447,-269.337,95.1872
3.14,0,-1.5708,-183.167,-269.337,95.1769
3.14,0,-1.5708,-139.163,-269.337,95.1932
3.14,0,-1.5708,-95.1412,-269.337,95.1945
3.14,0,-1.5708,-39.8474,-269.337,95.2018
3.14,0,-1.5708,-27.6026,-269.337,138.193
3.14,0,-1.5708,-26.6002,-269.337,157.188
MTQ1
3.14,0,1.5708,-214.852,266.487,147.368
3.14,0,1.5708,-98.3265,266.487,264.187
3.14,0,1.5708,-68.9535,266.487,234.907
3.14,0,1.5708,-185.475,266.487,118.069
MTQ2
3.14,0,1.5708,98.3468,266.487,263.536
-1.5708,0,1.5708,214.625,266.487,146.471
3.14,0,1.5708,185.209,266.487,117.234
3.14,0,1.5708,68.9121,266.487,234.295
MTQ3
3.14,0,3.14,317.313,-33.8425,108.088
3.14,0,3.14,317.313,131.157,108.074
3.14,0,3.14,317.313,131.167,66.6
3.14,0,3.14,317.313,-33.8428,66.5976
MAG
3.14,0,3.14,-242.487,-141.138,206.881
3.14,0,3.14,-242.487,-69.13,206.894
3.14,0,3.14,-242.487,-69.1372,116.896
3.14,0,3.14,-242.487,-141.137,116.903
BTA1
0,0,0,270.513,124.61,764.4
0,0,0,270.513,62.701,764.411
0,0,0,270.513,0.780159,764.413
0,0,0,270.513,-61.1457,764.394
0,0,0,270.513,-123.039,764.389
0,0,0,270.513,-184.965,764.394
0.2618,0,0,270.513,-205.589,732.392
2.9655,0,0,270.513,-205.597,665.839
2.9655,0,0,270.513,-205.593,599.292
3.14,0,0,270.513,-185.394,567.304
3.14,0,0,270.513,-123.466,567.297
3.14,0,0,270.513,-61.5555,567.295
3.14,0,0,270.513,0.367836,567.302
3.14,0,0,270.513,62.2901,567.314
3.14,0,0,270.513,124.208,567.29
3.489,0,0,270.513,144.395,599.294
3.489,0,0,270.513,144.41,665.843
-0.2618,0,0,270.513,144.411,732.399
BTA2
0,0,3.14,-270.513,-90.298,764.389
0,0,3.14,-270.513,-28.3767,764.398
0,0,3.14,-270.513,33.5392,764.413
0,0,3.14,-270.513,95.9338,764.406
0,0,3.14,-270.513,157.869,764.401
0,0,3.14,-270.513,219.775,764.4
0,0,3.14,-270.513,239.503,732.421
2.9655,0,3.14,-270.513,239.504,665.838
2.9655,0,3.14,-270.513,239.49,599.301
3.14,0,3.14,-270.513,219.301,567.312
3.14,0,3.14,-270.513,157.37,567.295
3.14,0,3.14,-270.513,95.4586,567.292
3.14,0,3.14,-270.513,33.0394,567.309
3.14,0,3.14,-270.513,-28.8815,567.319
3.14,0,3.14,-270.513,-90.814,567.323
3.489,0,3.14,-270.513,-111.002,599.326
3.489,0,3.14,-270.513,-111.008,665.879
-0.2618,0,3.14,-270.513,-110.998,732.403
PCDU
0,0,-1.5708,117.3,-258.813,777.3
0,0,-1.5708,7.3,-258.813,777.3
0,0,-1.5708,-102.7,-258.813,777.3
0,0,-1.5708,-102.7,-258.813,682.3
3.14,0,-1.5708,-102.7,-258.813,587.3
3.14,0,-1.5708,7.3,-258.813,587.3
3.14,0,-1.5708,117.3,-258.813,587.3
3.14,0,-1.5708,117.3,-258.813,682.3
OUT
0,1.5708,0,295.85,248.2,69.713
0,1.5708,0,295.853,153.193,69.713
0,1.5708,0,295.866,58.1914,69.713
0,1.5708,0,295.849,-50.8063,69.713
0,1.5708,0,295.852,-159.851,69.713
0,1.5708,0,295.862,-254.865,69.713